0.710073215
0.390604608
0.882305211
0.080239966
0.784879672
0.807392591
0.935972286
0.313332535
0.868472461
0.705370004
0.413012656
0.595749115
0.791677292
0.356205893
0.264688363
0.58088675
0.705858027
0.351738127
0.676364763
0.708593711
0.385153984
0.932246794
0.255975856
0.435478282
0.799222586
0.673196675
0.266747953
0.365587941
0.829541526
0.921743071
0.410499138
0.8409718
0.221460988
0.691264236
0.526738094
0.060024988
0.670648114
0.619177298
0.442050059
0.806264134
0.869189217
0.412296847
0.315750898
0.664482519
0.977507767
0.229150761
0.09141352
0.86592397
0.883399336
0.057570739
0.463348436
0.936687425
0.004205462
0.129040406
0.651765517
0.24009114
0.990600636
0.858915628
0.788798007
0.922338995
0.840382561
0.41722689
0.102586054
0.966070569
0.219965101
0.472288319
0.586268493
0.018171792
0.875801689
0.433449137
0.379315375
0.795086726
0.454632073
0.950985431
0.341209852
0.997209435
0.512591073
0.61515467
0.153221602
0.293374787
0.768716508
0.154698299
0.106383242
0.997965683
0.118299926
0.207237427
0.393144347
0.665826029
0.288524728
0.854759184
0.990548375
0.949668634
0.150602416
0.737626145
0.245011897
0.185651631
0.087066736
0.920949737
0.209479271
0.155500179
0.499131013
0.666206674
0.108704968
0.777131949
0.282867307
0.712386245
0.547225261
0.243209751
0.831298426
0.841652922
0.488210355
0.342509552
0.841331261
0.292205389
0.621189216
0.898634287
0.680982906
0.874777045
0.998164691
0.292742422
0.517651627
0.650454661
0.955676016
0.679232748
0.806881148
0.95853742
0.361838443
0.541201772
0.302451389
0.07079016
0.765007446
0.583474129
0.521455704
0.409143132
0.865987874
0.696389792
0.563081719
0.617792212
0.192742348
0.864563845
0.037013028
0.819757245
0.310427045
0.276534968
0.675830945
0.103980146
0.127700306
0.28683515
0.400775412
0.743614599
0.703979119
0.153875376
0.931579129
0.764909651
0.71945475
0.138844232
0.036991457
0.941668233
0.06613607
0.866853695
0.229058098
0.203153759
0.944895309
0.605758776
0.266206953
0.757085366
0.980964829
0.02425324
0.192157209
0.907684391
0.140995901
0.052433398
0.724151735
0.790813753
0.742486668
0.01753949
0.369319774
0.931107025
0.553027554
0.677435237
0.83742886
0.4125416
0.840625658
0.939240995
0.638572983
0.220648529
0.812262552
0.14678431
0.939391747
0.381769233
0.948010326
0.250165153
0.779230795
0.248619539
0.290161006
0.588177101
0.099924315
0.884169251
0.509498294
0.185626032
0.027717052
0.183174943
0.341455816
0.816898962
0.690742269
0.893579703
0.148941678
0.799586362
0.291395892
0.907695363
0.486714571
0.251974582
0.818120258
0.951319642
0.302231893
0.066905899
0.729532597
0.096875346
0.985212363
0.585782437
0.344849296
0.601688621
0.217650477
0.326933972
0.319327175
0.379349027
0.036775252
0.123228708
0.657561614
0.812807115
0.822841797
0.79084716
0.79073809
0.487512101
0.123413258
0.503598129
0.276001754
0.797695188
0.816426916
0.858848392
0.443593671
0.97353457
0.590065403
0.600781873
0.221075534
0.481954581
0.08513504
0.98681509
0.566069346
0.027322227
0.732179901
0.811266442
0.482902229
0.087956469
0.203473348
0.711201056
0.983864693
0.575925546
0.982414546
0.34425431
0.116951706
0.613707166
0.083877535
0.797624767
0.883914017
0.930485012
0.645051723
0.380912382
0.621245153
0.606626225
0.916912759
0.650173349
0.654601369
0.861078949
0.530690958
0.755192144
0.284445316
0.080539717
0.506855673
0.468962558
0.793639467
0.495511164
0.759238584
0.095557724
0.528076878
0.641889952
0.023768181
0.129113087
0.991816409
0.940366741
0.986942221
0.183582049
0.671869336
0.921720077
0.685362817
0.305726059
0.348977725
0.749847177
0.498133577
0.461323704
0.825179783
0.243905999
0.801268454
0.40506027
0.680903848
0.743387826
0.902736659
0.521946837
0.142113579
0.253554297
0.161877384
0.842909832
0.986278171
0.252103913
0.921781108
0.024531677
0.624544303
0.261326102
0.512884962
0.969982107
0.39228199
0.924122731
0.22935432
0.683858569
0.605539685
0.32039853
0.809395447
0.879623425
0.911048802
0.313597382
0.195072407
0.960022172
0.674809147
0.402960425
0.102710762
0.579702586
0.635404622
0.210621942
0.510810224
0.29161112
0.243771607
0.237755179
0.351215021
0.084541509
0.954607685
0.174544319
0.896077618
0.87026861
0.94770031
0.81428053
0.075687886
0.965334085
0.182356086
0.999699143
0.392456748
0.744041236
0.573222277
0.110827487
0.918333664
0.282372727
0.246781734
0.986258762
0.636422611
0.570461909
0.4709697
0.948454155
0.565552692
0.233289636
0.550214043
0.311404397
0.252254485
0.342968349
0.360472302
0.74425805
0.041704646
0.594786642
0.62913191
0.913255753
0.589342458
0.917200758
0.032281248
0.737639746
0.149673748
0.11128835
0.321107804
0.895546096
0.737358406
0.879925005
0.668405731
0.466087516
0.551285762
0.218558256
0.87623957
0.008433338
0.003258203
0.131054727
0.303043369
0.816211989
0.834315928
0.005948757
0.798736388
0.991804646
0.937708919
0.47275882
0.264285697
0.857494958
0.377766289
0.330737849
0.391590562
0.400858208
0.857022793
0.945679634
0.695902531
0.28756489
0.689188991
0.808643913
0.117367163
0.233806396
0.461666611
0.584158934
0.715618597
0.783121387
0.3539038
0.388467048
0.516170862
0.481429703
0.51984875
0.449929336
0.734315616
0.348664511
0.983541906
0.542876903
0.374258305
0.999665478
0.817958123
0.504116368
0.045262562
0.446035962
0.083210557
0.684868318
0.197453004
0.691741843
0.966514249
0.932168543
0.740183266
0.563158859
0.81122382
0.128122746
0.091438087
0.077514167
0.552158206
0.993361662
0.176834574
0.499552042
0.098792061
0.161296441
0.109241426
0.789903855
0.589105334
0.420268129
0.800095601
0.520139762
0.780780889
0.430825185
0.812174505
0.933406674
0.524095717
0.054333289
0.65659047
0.267045258
0.705177068
0.283128212
0.614143484
0.917233329
0.341022317
0.009960016
0.605150827
0.524860992
0.869417677
0.633851137
0.948522289
0.850509451
0.678848493
0.943849052
0.423696663
0.442806986
0.114185298
0.515982441
0.793263896
0.713609627
0.618527266
0.588297769
0.480134374
0.451574685
0.25468214
0.186618613
0.88038902
0.229399333
0.087085984
0.162746636
0.053272714
0.305514585
0.169776333
0.816489155
0.438679476
0.225250644
0.142779824
0.773982958
0.728576279
0.878250045
0.219233755
0.370622255
0.800265861
0.940364742
0.760067109
0.070849591
0.200652322
0.854185136
0.700894101
0.671327833
0.483125082
0.783916935
0.877919176
0.838104724
0.293660299
0.611151808
0.644772561
0.990231739
0.297388119
0.042736547
0.9630214
0.229416855
0.852922258
0.126873077
0.293862794
0.743886583
0.597957876
0.849483639
0.161117037
0.58073037
0.607583151
0.644360847
0.741672135
0.892211294
0.895186735
0.450259345
0.176111481
0.020740655
0.008133195
0.854882878
0.203217251
0.501701357
0.125302767
0.376801315
0.67420042
0.533568301
0.112522333
0.692890668
0.431902193
0.539885787
0.907888578
0.766292846
0.5065493
0.436901515
0.866427806
0.969950192
0.349555744
0.611460308
0.060445196
0.806040504
0.11204789
0.932557077
0.020842966
0.205333426
0.874341629
0.869667884
0.297515733
0.868290937
0.352821699
0.676170302
0.878335444
0.983246214
0.404755176
0.502874515
0.900400199
0.428625203
0.628570565
0.697012452
0.296514159
0.088361581
0.694683388
0.747090911
0.024597632
0.53392867
0.377126134
0.501494699
0.843112887
0.51549751
0.719416995
0.090428403
0.039885023
0.858973781
0.379024794
0.115760577
0.075334819
0.163307407
0.791291461
0.214472262
0.583927144
0.980321526
0.950646714
0.762902273
0.429297611
0.582190934
0.424724806
0.463759558
0.828706503
0.354712584
0.797437551
0.624698954
0.55987387
0.734787461
0.673374207
0.690801581
0.822909201
0.320970542
0.246983461
0.529606707
0.368301811
0.034868348
0.756461513
0.453320458
0.625592982
0.468135068
0.122118515
0.560681788
0.678841251
0.070930519
0.276236868
0.640694757
0.347559021
0.399020423
0.828625586
0.108253579
0.581881082
0.261850658
0.646908631
0.34401222
0.876761781
0.719424077
0.693043945
0.21628689
0.952368228
0.396531378
0.498393843
0.499138364
0.947448464
0.569464279
0.113898409
0.431013094
0.81309947
0.753807816
0.951132701
0.060232626
0.398213813
0.226970375
0.378311915
0.148774504
0.139429454
0.072271226
0.732742646
0.422636783
0.193594726
0.234388082
0.619956893
0.362265539
0.262448581
0.306581844
0.740193055
0.843928177
0.084797522
0.293799547
0.455107038
0.674199921
0.67725645
0.842261519
0.055042275
0.44935201
0.049152089
0.75987895
0.437706773
0.274234837
0.302033043
0.603685473
0.603591518
0.101175594
0.102820152
0.948369793
0.742906423
0.618053499
0.171531203
0.89196864
0.806621025
0.433436962
0.857990254
0.61386553
0.913136056
0.967253772
0.989982129
0.574333002
0.330897026
0.770728143
0.201725236
0.632543989
0.676371589
0.411735276
0.848755785
0.807261713
0.475784617
0.957605917
0.282047488
0.63130107
0.547839319
0.275371448
0.42548257
0.993279865
0.37217703
0.685431975
0.280671779
0.919518863
0.902790555
0.076212972
0.369172849
0.886502861
0.51205588
0.966049696
0.239460171
0.465744745
0.435980772
0.647608094
0.464589314
0.964339398
0.874069719
0.304643386
0.97430772
0.001622833
0.582750348
0.414501844
0.809240279
0.45318151
0.786675996
0.892433799
0.546675443
0.715976979
0.381887436
0.334912373
0.283626242
0.082754676
0.948831053
0.44172144
0.105463214
0.264873774
0.21840162
0.286197063
0.791075246
0.630768377
0.886244702
0.974430801
0.391473702
0.927253892
0.260561569
0.411251344
0.209751137
0.654739659
0.136403107
0.024422172
0.250604348
0.893627026
0.660868161
0.049755997
0.803252263
0.631312514
0.173137353
0.440590259
0.552679026
0.330898247
0.648291788
0.816026093
0.084083141
0.088066657
0.455288591
0.071359436
0.935318955
0.818379787
0.165066866
0.740252729
0.71403911
0.560460601
0.244175471
0.261772148
0.620704092
0.224537898
0.827096644
0.514277324
0.835283426
0.101077001
0.318337574
0.914628221
0.581516917
0.458195205
0.720619066
0.622519942
0.218940719
0.744504029
0.81225379
0.85419618
0.125894504
0.233884113
0.74320656
0.868578753
0.154942623
0.656233108
0.99508444
0.437822767
0.115591272
0.498458738
0.801523438
0.192402451
0.513881939
0.883356625
0.960473105
0.963319251
0.119545451
0.366580776
0.150286543
0.095522493
0.685670144
0.190936976
0.120918581
0.701935885
0.478747486
0.287895371
0.487884033
0.264763613
0.313777145
0.025376139
0.979416833
0.331131221
0.644515357
0.553369036
0.908546913
0.799302691
0.2354232
0.912086428
0.564815379
0.732703787
0.917121501
0.423910208
0.830779034
0.301128552
0.921405776
0.276906447
0.167836617
0.472044644
0.66222959
0.869579697
0.800974456
0.557921338
0.114139659
0.237873506
0.773293183
0.860317557
0.118132276
0.429424559
0.32928923
0.124675643
0.964557899
0.491898888
0.796598663
0.620506296
0.9861952
0.677769455
0.280386833
0.054539045
0.952673504
0.882388846
0.592777627
0.003019417
0.155607797
0.053021875
0.737666883
0.300858904
0.109511667
0.519912443
0.524078
0.02348834
0.328992456
0.804375369
0.833580702
0.636826394
0.064293929
0.557581478
0.153009541
0.489720585
0.313248901
0.557179328
0.759131898
0.837015182
0.72881791
0.423977905
0.493183683
0.903891604
0.173109235
0.267652049
0.542698994
0.487389724
0.510848974
0.372211559
0.35279736
0.714512116
0.699447132
0.819924414
0.662945653
0.596994397
0.040604881
0.80666596
0.697188363
0.028798024
0.283918675
0.505000915
0.593416644
0.124543749
0.703102727
0.906539964
0.386618547
0.004608504
0.396484011
0.453433584
0.546184353
0.304414815
0.309461333
0.866430664
0.59613641
0.902226041
0.904302539
0.840811218
0.3499691
0.217248421
0.148443997
0.937180545
0.097470148
0.841763136
0.492179317
0.252955764
0.614854416
0.194208228
0.833112953
0.122023224
0.326389806
0.505298683
0.274751716
0.059266725
0.237911653
0.193628976
0.560242709
0.444463547
0.75181417
0.93536888
0.866671946
0.696446328
0.839320675
0.806845208
0.893153299
0.666004999
0.102974252
0.226235058
0.885146913
0.077938728
0.395006233
0.918411053
0.274943757
0.202035526
0.634947726
0.391557243
0.847942936
0.285045649
0.693185631
0.764325603
0.701969548
0.576586404
0.897887238
0.985946036
0.96435913
0.418499133
0.705231674
0.151744598
0.522415722
0.90014277
0.767177569
0.709701912
